DEEP TRADE ANALYSIS REPORT
================================================================================

TOP SYMBOLS:
            Total PnL  Trades  Avg PnL  Avg Size
symbol                                          
SILVER      260015.35     290   896.60      1.95
GBPUSD      195846.24    1531   127.92      1.20
EURUSD      145586.03    3083    47.22      0.54
BTCUSD       37885.53     634    59.76      1.71
USDJPY       34461.76    1106    31.16      1.31
XAUEUR       21203.97      17  1247.29      2.36
XPDUSD       12884.89       8  1610.61      3.54
EURJPY       12378.59     201    61.59      1.09
USDCAD       10116.53     796    12.71      0.85
1INCHUSD      8541.20      67   127.48      1.54
BRENTCash     6427.39     136    47.26      5.41
GBPDKK        5271.34       6   878.56      1.97
AUS200Cash    4502.25      10   450.22     46.22
USDDKK        4202.10      52    80.81      0.45
US30Cash      3916.51      22   178.02      2.81

WORST SYMBOLS:
        Total PnL  Trades  Avg PnL  Avg Size
symbol                                      
GBPNOK  -16600.87       7 -2371.55      9.39
EURNOK  -17879.59      66  -270.90      1.19
ETHUSD  -19561.93     135  -144.90     23.54
EURAUD  -21686.87      43  -504.35      4.20
USDHKD  -22840.53      14 -1631.47     29.63
NZDSGD  -23207.71       5 -4641.54     20.18
USDCHF  -55449.15     381  -145.54      4.19
CHFSGD  -74210.28      37 -2005.68      5.49
AUDUSD -387452.51     945  -410.00      3.97
GOLD   -600491.82    4601  -130.51      4.40

BEST HOURS:
       Total PnL  Trades  Avg PnL
hour                             
0       30989.48     182   170.27
1      -12644.56     293   -43.16
2     -139129.77     167  -833.11
3     -256048.90     305  -839.50
4        -844.95     403    -2.10
5     -195719.39     116 -1687.24
6      122103.00     243   502.48
7       46459.74     358   129.78
8       66459.29     445   149.35
9      453311.10     265  1710.61
10     349293.24     540   646.84
11     376571.53     653   576.68
12     408112.91     851   479.57
13    1007389.56     873  1153.94
14    -139165.09     834  -166.86
15     417993.96    1072   389.92
16    -806684.71    2473  -326.20
17      20073.01    2508     8.00
18     -59118.79     883   -66.95
19   -2543964.63     488 -5213.04
20    -252620.81    1082  -233.48
21     267225.61    1298   205.87
22     290434.95     583   498.17
23    -199285.06     298  -668.74